1,场景设置, 56, 1470, -1, -1, 0, 10, 1, 0
1989184704,左移1, 110, 1810, -1, -1, 1, 10, 1, 0
611572016,右移1, 165, 1810, -1, -1, 1, 10, 1, 0
889486595,左移2, 305, 1810, -1, -1, 1, 10, 1, 0
77269878,右移2, 350, 1810, -1, -1, 1, 10, 1, 0
1990160809,左移3, 495, 1810, -1, -1, 1, 10, 1, 0
1285524499,右移3, 540, 1810, -1, -1, 1, 10, 1, 0
1524960486,左移4, 690, 1810, -1, -1, 1, 10, 1, 0
117009527,右移4, 730, 1810, -1, -1, 1, 10, 1, 0
199640888,机位1, 110, 1670, -1, -1, 1, 10, 1, 0
1000975683,机位2, 310, 1671, -1, -1, 1, 10, 1, 0
1238959340,机位3, 480, 1672, -1, -1, 1, 10, 1, 0
76432244,机位4, 680, 1673, -1, -1, 1, 10, 1, 0
2,相机设置, 180, 1470, -1, -1, 0, 10, 1, 0
22,抠图设置, 160, 1516, -1, -1, 2, 10, 1, 0
215219944,抠图关, 122, 1582, -1, -1, 22, 10, 1, 0
1043208434,机位一抠图, 194, 1581, -1, -1, 22, 10, 1, 0
1192171522,机位二抠图, 276, 1582, -1, -1, 22, 10, 1, 0
1661081225,相似度-, 115, 1626, -1, -1, 22, 10, 20, 0
1882554559,相似度=, 145, 1626, 300, 1626, 22, 10, 1, 0
1049817027,相似度+, 330, 1626, -1, -1, 22, 10, 20, 0
23211803,平滑度-, 115, 1668, -1, -1, 22, 10, 20, 0
1923598304,平滑度=, 145, 1668, 300, 1668, 22, 10, 1, 0
776700275,平滑度+, 330, 1668, -1, -1, 22, 10, 20, 0
118394766,溢出比-, 115, 1713, -1, -1, 22, 10, 20, 0
386163331,溢出比=, 145, 1713, 300, 0, 22, 10, 1, 0
1540374340,溢出比+, 330, 1713, -1, -1, 22, 10, 20, 0
221,免扣区设置, 71, 1760, -1, -1, 22, 10, 1, 0
694316372,保存, 290, 1757, -1, -1, 221, 10, 1, 1
1516500233,默认参数, 503, 1630, -1, -1, 22, 10, 1, 0
222,保存1, 556, 1680, -1, -1, 22, 10, 1, 0
1850180796,默认参数1, 505, 1676, -1, -1, 222, 10, 1, 0
223,保存2, 557, 1726, -1, -1, 22, 10, 1, 0
884452399,默认参数2, 506, 1722, -1, -1, 223, 10, 1, 0
224,保存3, 554, 1768, -1, -1, 22, 10, 1, 0
235237152,默认参数3, 507, 1768, -1, -1, 224, 10, 1, 0
23,相机参数-机位1, 288, 1519, -1, -1, 2, 10, 1, 0
24,相机参数-机位2, 447, 1519, -1, -1, 2, 10, 1, 0
3,内置麦克风, 308, 1473, -1, -1, 0, 10, 1, 0
1259014228,坐播, 370, 1526, -1, -1, 3, 10, 1, 0
431687661,站播, 524, 1526, -1, -1, 3, 10, 1, 0
283383329,方向左-, 384, 1634, -1, -1, 3, 10, 60, 0
893192050,方向右+, 502, 1635, -1, -1, 3, 10, 60, 0
644345897,宽度=, 371, 1687, 634, 1687, 3, 10, 6, 0
1738674023,深度降噪, 375, 1749, -1, -1, 3, 10, 1, 0
1472682156,均衡降噪, 462, 1750, -1, -1, 3, 10, 1, 0
178049969,轻度降噪, 549, 1749, -1, -1, 3, 10, 1, 0
333683827,恢复默认参数, 1010, 1526, -1, -1, 3, 10, 1, 0
4,显示设置, 443, 1472, -1, -1, 0, 10, 1, 0
1691185247,默认, 184, 1553, -1, -1, 4, 10, 1, 0
153245266,左旋90, 289, 1556, -1, -1, 4, 10, 1, 0
1699679644,左旋180, 423, 1553, -1, -1, 4, 10, 1, 0
1782580546,左旋270, 565, 1554, -1, -1, 4, 10, 1, 0
5,返回, 683, 1468, -1, -1, 0, -1, 1, 0
6,桌面, 736, 1468, -1, -1, 0, -1, 1, 0
7,最近任务, 786, 1469, -1, -1, 0, -1, 1, 0
1702940637,关闭1, 236, 117, -1, -1, 7, 10, 1, 0
2114684409,切换1, 142, 287, -1, -1, 7, 10, 1, 0
1664439369,关闭2, 494, 121, -1, -1, 7, 10, 1, 0
154482552,切换2, 389, 274, -1, -1, 7, 10, 1, 0
1781071780,全部清除, 0, 0, -1, -1, 7, 10, 1, 0
8,导播台, 852, 1472, -1, -1, 0, 10, 1, 0
81,提词器, 61, 1521, -1, -1, 8, 10, 1, 0
1219402581,速度+, 420, 1516, -1, -1, 81, 10, 1, 0
24119573,速度-, 533, 1516, -1, -1, 81, 10, 1, 0
568221876,播放, 587, 1519, -1, -1, 81, 10, 1, 0
82,更多环节信息, 189, 1520, -1, -1, 8, 10, 1, 0
83,换背景, 663, 1519, -1, -1, 8, 10, 1, 0
203849460,背景1, 670, 1630, -1, -1, 83, 10, 1, 0
820914198,背景2, 756, 1630, -1, -1, 83, 10, 1, 0
836220863,背景3, 842, 1630, -1, -1, 83, 10, 1, 0
1667148529,背景4, 928, 1630, -1, -1, 83, 10, 1, 0
1546693040,背景5, 1014, 1630, -1, -1, 83, 10, 1, 0
501187768,背景6, 670, 1780, -1, -1, 83, 10, 1, 0
288994035,背景7, 756, 1780, -1, -1, 83, 10, 1, 0
128359175,背景8, 842, 1780, -1, -1, 83, 10, 1, 0
1585635178,背景9, 928, 1780, -1, -1, 83, 10, 1, 0
1058634310,背景10, 1014, 1780, -1, -1, 83, 10, 1, 0
84,切场景, 751, 1514, -1, -1, 8, 10, 1, 0
1668016508,场景1, 680, 1640, -1, -1, 84, 10, 1, 0
1353070773,场景2, 790, 1641, -1, -1, 84, 10, 1, 0
404214852,场景3, 900, 1642, -1, -1, 84, 10, 1, 0
1822971466,场景4, 1010, 1643, -1, -1, 84, 10, 1, 0
1354003114,机位1镜像, 730, 1770, -1, -1, 84, 10, 1, 0
825658265,机位1翻转, 785, 1770, -1, -1, 84, 10, 1, 0
388357135,机位2镜像, 730, 1820, -1, -1, 84, 10, 1, 0
957465255,机位2翻转, 785, 1820, -1, -1, 84, 10, 1, 0
1254344205,免扣区, 713, 1860, -1, -1, 84, 10, 1, 0
85,贴水印, 843, 1515, -1, -1, 8, 10, 1, 0
851,水印1, 786, 1614, -1, -1, 85, 10, 1, 0
1336735375,保存1, 526, 1406, -1, -1, 851, 10, 1, 1
852,水印2, 899, 1615, -1, -1, 85, 10, 1, 0
1984990929,保存2, 526, 1406, -1, -1, 852, 10, 1, 1
853,水印3, 1012, 1616, -1, -1, 85, 10, 1, 0
1105423942,保存3, 526, 1406, -1, -1, 853, 10, 1, 1
854,水印4, 673, 1614, -1, -1, 85, 10, 1, 0
365181913,保存4, 526, 1406, -1, -1, 854, 10, 1, 1
855,水印5, 786, 1615, -1, -1, 85, 10, 1, 0
1031061344,保存5, 526, 1406, -1, -1, 855, 10, 1, 1
856,水印6, 899, 1616, -1, -1, 85, 10, 1, 0
1327536153,保存6, 526, 1406, -1, -1, 856, 10, 1, 1
857,水印7, 1012, 1614, -1, -1, 85, 10, 1, 0
367746789,保存7, 526, 1406, -1, -1, 857, 10, 1, 1
86,控声音, 933, 1518, -1, -1, 8, 10, 1, 0
558216562,音乐控制上一曲, 767, 1586, -1, -1, 86, 10, 1, 0
961712517,音乐控制播放, 888, 1587, -1, -1, 86, 10, 1, 0
1928931046,音乐控制下一曲, 1011, 1587, -1, -1, 86, 10, 1, 0
1034568234,连麦模式, 764, 1650, -1, -1, 86, 10, 1, 0
835227336,内置麦克风, 796, 1747, -1, -1, 86, 10, 1, 0
482082765,3.5mm耳机孔, 916, 1749, -1, -1, 86, 10, 1, 0
667821226,输入音量=, 784, 1817, 980, 1817, 86, 10, 20, 0
1209702763,输入静音, 1024, 1814, -1, -1, 86, 10, 1, 0
1028780142,媒体音量=, 784, 1852, 980, 1852, 86, 10, 15, 0
2128029086,媒体静音, 1024, 1852, -1, -1, 86, 10, 1, 0
686466458,通话音量=, 784, 1890, 980, 1890, 86, 10, 5, 0
87,直播助手, 1026, 1514, -1, -1, 8, 10, 1, 0
